image: /home/robotino/Documents/test12.pgm
resolution: 0.050000
origin: [-36.600000, -39.500000, 0.000000]
negate: 0
occupied_thresh: 0.65
free_thresh: 0.196

